
Results for case: numbers larger than tab size
10000 2135200
20000 4094400
30000 5461000
40000 7421100
50000 9327800
60000 11998700
70000 13915200
80000 15686200
90000 19004900
100000 20173700
110000 21024900
120000 23157800
130000 25574200
140000 30176400
150000 30736200
160000 31211100
170000 36337600
180000 41913300
190000 41269600
200000 42010100
210000 54073700
220000 46573100
230000 46226100
240000 48713100
250000 48532100
260000 59334500
270000 53113200
280000 57389300
290000 58422400
300000 58040500
310000 59510600
320000 62830600
330000 69728600
340000 94111700
350000 73675900
360000 73422600
370000 71185300
380000 76404000
390000 75629600
400000 77108200
410000 82204800
420000 79914500
430000 85221200
440000 85555100
450000 89109200
460000 89344200
470000 91437900
480000 92777100
490000 95674800
500000 96631000
510000 104081100
520000 102825700
530000 104075900
540000 105644200
550000 108564000
560000 109741400
570000 114822500
580000 115461700
590000 117283100
600000 117488300
610000 118804600
620000 121827300
630000 123144000
640000 126857700
650000 129178100
660000 134553400
670000 145936900
680000 139640900
690000 142043700
700000 149787900
710000 140130800
720000 144223500
730000 144484200
740000 154196500
750000 158745000
760000 160779100
770000 152481300
780000 156843000
790000 156078400
800000 160120900
810000 157588100
820000 163525100
830000 162388100
840000 164760100
850000 170730700
860000 175025100
870000 174998200
880000 174478000
890000 178044300
900000 178341800
910000 177476800
920000 185856800
930000 180320500
940000 183980200
950000 190341300
960000 190130000
970000 199693200
980000 193381800
990000 192969000
1000000 193890100

Results for case: numbers are random from 0-99
10000 2470300
20000 4753000
30000 7236500
40000 9685500
50000 12568400
60000 15369000
70000 18702600
80000 21920300
90000 25341700
100000 29166800
110000 32691700
120000 37286500
130000 40864200
140000 45275300
150000 49383100
160000 53323900
170000 58412600
180000 65028000
190000 68273400
200000 72627500
210000 80898000
220000 85982100
230000 89520500
240000 93499500
250000 100095000
260000 108296100
270000 114942100
280000 121775900
290000 128843700
300000 132843700
310000 139303700
320000 151795400
330000 158488400
340000 162915100
350000 167389400
360000 181738700
370000 188059300
380000 191602400
390000 198122500
400000 206361900
410000 218047000
420000 228416700
430000 239756800
440000 242449600
450000 258225700
460000 264969100
470000 269959900
480000 283263600
490000 292769800
500000 292793100
510000 321109300
520000 328080800
530000 334956700
540000 347661500
550000 356851300
560000 363032800
570000 377268900
580000 390579200
590000 399836700
600000 426576300
610000 426311700
620000 440579100
630000 448499000
640000 454282700
650000 485295800
660000 489231200
670000 502413500
680000 519564900
690000 535162100
700000 545224900
710000 540224500
720000 571038700
730000 566114900
740000 605754300
750000 594767800
760000 609658300
770000 646652600
780000 648865500
790000 673221700
800000 680507600
810000 705818500
820000 724382400
830000 727111800
840000 733821700
850000 761199500
860000 758950200
870000 773101300
880000 814767500
890000 833945800
900000 845375800
910000 827464100
920000 867963000
930000 871840300
940000 903545500
950000 936131600
960000 932178700
970000 939812000
980000 1015251200
990000 983891100
1000000 1001784000

Results for case: numbers are sorted
10000 1210300
20000 2544900
30000 3705000
40000 4668000
50000 6289300
60000 7155800
70000 8031100
80000 9160900
90000 10552600
100000 12098500
110000 13742100
120000 14173600
130000 15292900
140000 15460400
150000 16535300
160000 17784000
170000 19445400
180000 21040300
190000 22765500
200000 23763300
210000 25352900
220000 27103400
230000 27870800
240000 28332200
250000 28970200
260000 30404000
270000 30725600
280000 31272000
290000 31633000
300000 32687000
310000 34298200
320000 35037900
330000 36985200
340000 38601500
350000 40446400
360000 42059400
370000 43645000
380000 44439000
390000 46561900
400000 48423700
410000 50285000
420000 51273600
430000 52954100
440000 54316500
450000 54093300
460000 55967600
470000 56409900
480000 56819300
490000 57703700
500000 58610200
510000 59471800
520000 60055100
530000 61053500
540000 60305900
550000 61619300
560000 62538500
570000 62441200
580000 63986000
590000 64938700
600000 65897000
610000 67302300
620000 67925600
630000 68707800
640000 71166900
650000 72651000
660000 74226800
670000 75783900
680000 76337700
690000 78295100
700000 79430900
710000 80773200
720000 86351300
730000 85496400
740000 87052100
750000 88057100
760000 89888900
770000 90784900
780000 94161900
790000 95005300
800000 95064900
810000 97466400
820000 110204000
830000 100970900
840000 102127700
850000 104016700
860000 106384000
870000 107527700
880000 108697400
890000 109718500
900000 110108600
910000 111333300
920000 112098100
930000 115757700
940000 113053700
950000 111722000
960000 113382700
970000 114515200
980000 116196200
990000 116949000
1000000 118388600
